520.803 229.845
521.081 236.665
521.358 215.809
521.636 256.376
521.914 289.069
522.191 269.194
522.469 233.511
522.747 202.706
523.024 291.336
523.302 311.578
523.580 261.933
523.857 283.363
524.135 270.854
524.413 309.168
524.690 344.915
524.968 348.677
525.246 282.559
525.523 364.324
525.801 395.710
526.079 393.828
526.356 481.768
526.634 450.694
526.912 502.013
527.189 560.033
527.467 509.569
527.745 590.777
528.022 633.867
528.300 676.733
528.578 659.364
528.855 770.994
529.133 873.460
529.411 1049.028
529.688 1660.290
529.966 2760.822
530.244 21890.117
530.521 53895.731
530.799 49992.958
531.077 58265.157
531.354 58238.413
531.632 58317.034
531.909 58392.934
532.187 58385.646
532.465 58462.717
532.742 58521.201
533.020 58562.967
533.298 58657.647
533.575 58521.239
533.853 58181.354
534.131 56790.007
534.408 49606.935
534.686 35379.195
534.964 23060.312
535.241 17431.632
535.519 11825.074
535.797 7767.213
536.074 5072.007
536.352 3508.299
536.630 2607.340
536.907 2408.305
537.185 2569.657
537.463 3004.438
537.740 3588.978
538.018 3988.966
538.296 3977.360
538.573 3782.968
538.851 3327.454
539.129 2700.761
539.406 2227.839
539.684 1770.391
539.962 1402.885
540.239 1158.203
540.517 981.219
540.795 859.361
541.072 766.517
541.350 676.574
541.627 699.784
541.905 696.881
542.183 722.992
542.460 723.958
542.738 734.595
543.016 792.621
543.293 861.286
543.571 1207.513
543.849 1908.672
544.126 2986.040
544.404 4414.472
544.682 5786.812
544.959 6807.120
545.237 6932.844
545.515 6157.215
545.792 4672.687
546.070 3168.818
546.356 2181.389
546.642 1506.340
546.928 1153.340
547.214 871.908
547.500 710.398
547.786 582.737
548.072 518.906
548.358 451.207
548.644 445.403
548.930 386.408
549.216 373.834
549.502 441.531
549.788 459.905
550.074 612.709
550.360 961.837
550.646 1337.078
550.932 1680.403
551.218 1886.398
551.504 1882.529
551.790 1755.835
552.076 1427.427
552.362 1055.693
552.648 761.404
552.934 637.491
553.220 509.707
553.506 403.220
553.793 345.136
554.079 395.856
554.365 392.948
554.651 401.668
554.937 350.310
555.223 368.108
555.509 321.550
555.795 448.609
556.081 472.857
556.367 697.586
556.653 1231.566
556.939 1988.846
557.225 2701.176
557.511 3447.531
557.797 3919.755
558.083 3771.893
558.369 3195.044
558.655 2333.175
558.941 1647.033
559.227 1129.018
559.513 792.113
559.799 573.027
560.085 481.967
560.371 411.790
560.657 362.081
560.943 305.848
561.229 268.773
561.515 326.333
561.801 317.861
562.087 303.212
562.373 350.428
562.659 384.640
562.945 524.423
563.231 764.661
563.517 1151.157
563.803 1649.835
564.089 2065.113
564.375 2317.136
564.661 2247.770
564.947 1842.469
565.233 1467.068
565.519 1052.528
565.805 794.958
566.091 547.169
566.377 423.691
566.663 336.091
566.949 296.027
567.235 286.173
567.521 260.813
567.807 236.157
568.093 255.145
568.379 259.348
568.665 250.454
568.951 293.232
569.237 358.513
569.524 413.322
569.810 665.796
570.096 1091.628
570.382 1403.817
570.668 1786.373
570.954 2041.120
571.240 2005.404
571.526 1695.879
571.812 1283.461
572.098 896.170
572.384 733.309
572.670 530.259
572.956 359.284
573.242 327.473
573.528 284.728
573.814 270.811
574.100 212.161
574.386 220.112
574.672 238.998
574.958 247.943
575.244 220.108
575.530 205.196
575.816 238.992
576.102 341.377
576.388 539.646
576.674 785.921
576.960 1275.219
577.250 1845.654
577.540 2266.024
577.831 2418.234
578.121 2281.599
578.411 1816.433
578.701 1368.985
578.992 995.470
579.282 761.745
579.572 560.994
579.862 385.243
580.153 298.041
580.443 235.922
580.733 189.611
581.023 248.190
581.314 225.220
581.604 197.655
581.894 192.395
582.184 205.838
582.475 171.423
582.765 245.042
583.055 242.628
583.345 340.165
583.636 479.603
583.926 670.576
584.216 777.829
584.506 821.524
584.797 951.377
585.087 853.674
585.377 696.725
585.667 611.261
585.958 423.475
586.248 354.982
586.538 281.310
586.828 280.089
587.119 238.720
587.409 194.849
587.699 123.573
587.989 121.561
588.279 170.640
588.570 168.587
588.860 191.090
589.150 156.150
589.440 116.378
589.731 146.427
590.021 216.172
590.311 318.603
590.601 617.095
590.892 1110.503
591.182 1598.638
591.472 2044.545
591.762 2373.800
592.053 2355.590
592.343 1967.431
592.633 1461.791
592.923 1020.060
593.214 701.730
593.504 546.799
593.794 383.417
594.084 233.181
594.375 217.217
594.665 182.474
594.955 158.999
595.245 220.030
595.536 205.005
595.826 211.577
596.116 134.580
596.406 156.175
596.697 145.042
596.987 170.416
597.277 195.791
597.567 157.256
597.857 234.543
598.148 345.548
598.438 343.047
598.728 324.213
599.018 337.712
599.309 318.861
599.599 222.934
599.889 245.806
600.179 213.699
600.470 143.956
600.760 63.674
601.050 108.241
601.340 109.186
601.631 108.341
601.921 128.366
602.211 170.272
602.501 147.478
602.792 117.199
603.082 194.378
603.372 150.753
603.662 157.568
603.953 137.679
604.243 177.923
604.533 241.189
604.823 415.581
605.114 712.913
605.404 1164.218
605.694 1524.715
605.984 1971.474
606.275 2202.954
606.565 2199.301
606.855 1761.800
607.145 1322.685
607.435 1015.673
607.726 682.996
608.016 532.110
608.306 386.355
608.596 245.664
608.887 167.564
609.177 149.187
609.467 170.627
609.757 191.140
610.048 163.037
610.338 203.931
610.628 111.786
610.918 173.058
611.209 177.911
611.499 150.871
611.789 173.222
612.079 115.996
612.370 96.539
612.660 104.421
612.950 77.156
613.240 131.810
613.531 106.467
613.821 91.846
614.111 77.225
614.401 110.469
614.692 61.687
614.982 122.173
615.272 114.367
615.562 78.268
615.853 102.656
616.143 111.435
616.433 92.897
616.723 121.188
617.014 128.992
617.304 73.380
617.594 114.354
617.884 65.572
618.174 88.985
618.465 123.010
618.755 84.022
619.045 88.894
619.335 93.765
619.626 221.229
619.916 490.945
620.206 769.648
620.496 1199.608
620.787 1510.890
621.077 1707.671
621.367 1729.049
621.657 1569.117
621.948 1228.338
622.238 866.201
622.528 673.312
622.818 497.271
623.109 366.455
623.399 215.082
623.689 247.995
623.979 226.477
624.270 135.435
624.560 108.380
624.850 112.135
625.140 141.091
625.431 140.953
625.721 157.345
626.011 179.350
626.301 119.618
626.592 33.842
626.882 68.423
627.172 49.191
627.462 49.189
627.752 85.643
628.043 88.524
628.333 96.207
628.623 159.453
628.913 154.653
629.204 136.417
629.494 134.496
629.784 140.118
630.074 91.219
630.365 73.000
630.655 81.628
630.945 110.389
631.235 126.687
631.526 136.273
631.816 96.003
632.106 6.835
632.396 49.019
632.687 73.946
632.977 97.914
633.267 80.654
633.557 89.367
633.848 116.237
634.138 133.509
634.428 135.557
634.718 100.013
635.009 159.723
635.299 350.443
635.589 565.070
635.879 863.301
636.170 991.422
636.460 1156.470
636.750 1306.378
637.040 1244.777
637.330 895.443
637.621 638.928
637.911 447.127
638.201 239.622
638.491 254.722
638.782 181.727
639.072 94.997
639.362 119.574
639.652 95.179
639.943 49.147
640.233 114.027
640.523 172.151
640.813 81.768
641.104 115.344
641.394 135.180
641.684 224.921
641.974 181.348
642.265 89.633
642.555 114.125
642.845 115.862
643.135 91.147
643.426 96.832
643.716 194.203
644.006 241.534
644.296 279.936
644.587 278.151
644.877 233.124
645.167 234.376
645.457 166.391
645.748 132.353
646.038 83.135
646.328 75.277
646.618 77.910
646.909 133.558
647.199 136.139
647.489 101.918
647.779 87.600
648.069 71.524
648.360 89.228
648.650 83.514
648.940 86.246
649.230 75.864
649.521 94.500
649.811 64.564
650.101 83.271
650.391 84.283
650.682 72.177
650.972 203.575
651.262 351.182
651.552 435.566
651.843 599.439
652.133 735.852
652.423 787.336
652.713 694.128
653.004 567.899
653.294 439.577
653.584 362.589
653.874 311.656
654.165 201.332
654.455 224.988
654.745 158.946
655.035 128.487
655.326 179.246
655.616 143.810
655.906 89.560
656.196 84.938
656.486 117.392
656.777 72.593
657.067 107.149
657.357 65.058
657.647 98.781
657.938 89.162
658.228 125.087
658.518 93.493
658.808 67.755
659.099 82.874
659.389 174.303
659.679 255.720
659.969 325.578
660.260 417.874
660.550 463.115
660.840 376.712
661.130 353.181
661.421 286.958
661.711 283.474
662.001 244.335
662.291 166.090
662.582 165.406
662.872 141.033
663.162 49.057
663.452 68.643
663.743 183.701
664.033 128.389
664.323 131.605
664.613 105.070
664.904 59.769
665.194 32.969
665.484 83.673
665.774 117.919
666.065 99.387
666.355 96.376
666.645 68.436
666.935 49.794
667.225 109.157
667.516 96.769
667.806 145.877
668.096 150.202
668.386 305.007
668.677 285.449
668.967 448.627
669.257 422.917
669.547 315.391
669.838 237.021
670.128 250.924
670.418 187.042
670.708 131.447
670.999 107.348
671.289 109.568
671.579 45.268
671.869 51.656
672.160 69.698
672.450 80.363
672.740 24.242
673.030 67.790
673.321 27.477
673.611 55.164
673.901 78.649
674.191 61.673
674.482 68.140
674.772 113.083
675.062 39.362
675.352 18.012
675.643 106.894
675.933 78.067
676.223 174.715
676.513 288.757
676.803 331.000
677.094 411.643
677.384 451.912
677.674 494.422
677.964 417.911
678.255 367.659
678.545 266.541
678.835 190.945
679.125 114.392
679.416 135.077
679.706 108.018
679.996 121.134
680.286 96.212
680.577 24.731
680.867 -12.148
681.157 110.529
681.447 84.560
681.738 12.819
682.028 14.990
682.318 34.590
682.608 71.663
682.899 76.018
683.189 57.559
683.479 96.815
683.769 13.934
684.060 73.910
684.350 28.136
684.640 153.680
684.930 159.136
685.221 129.657
685.511 177.690
685.801 162.404
686.091 168.951
686.381 77.246
686.672 123.095
686.962 117.634
687.252 115.448
687.542 149.288
687.833 106.709
688.123 40.113
688.413 48.844
688.703 22.641
688.994 65.144
689.284 77.137
689.574 88.039
689.864 66.226
690.155 48.723
690.445 29.112
690.735 110.688
691.025 109.479
691.316 55.068
691.606 76.698
691.896 -2.477
692.186 -11.135
692.477 61.241
692.767 151.623
693.057 189.132
693.347 262.837
693.638 412.954
693.928 453.736
694.218 531.657
694.508 610.725
694.799 506.027
695.089 400.304
695.379 388.499
695.669 313.413
695.960 215.147
696.250 181.103
696.540 172.041
696.835 119.745
697.130 82.135
697.425 47.914
697.720 64.076
698.015 78.069
698.310 76.735
698.605 19.857
698.900 48.950
699.195 99.854
699.490 142.367
699.785 85.138
700.080 43.214
700.375 41.069
700.670 88.057
700.965 67.162
701.260 38.670
701.555 71.559
701.850 42.279
702.145 34.391
702.440 31.402
702.735 44.745
703.030 96.289
703.324 70.315
703.619 84.397
703.914 6.288
704.209 11.017
704.504 -5.105
704.799 86.585
705.094 86.501
705.389 88.304
705.684 58.945
705.979 -6.029
706.274 -0.381
706.569 75.744
706.864 77.549
707.159 -5.083
707.454 26.815
707.749 93.416
708.044 51.200
708.339 63.393
708.634 37.089
708.929 23.029
709.224 29.615
709.519 57.755
709.814 65.196
710.109 25.831
710.404 14.596
710.699 64.312
710.994 126.223
711.289 152.487
711.584 357.926
711.879 424.926
712.174 509.431
712.469 467.614
712.764 425.318
713.059 278.699
713.354 273.314
713.649 218.014
713.944 164.339
714.239 129.619
714.534 124.078
714.829 110.028
715.124 86.419
715.419 48.691
715.714 42.112
716.009 22.263
716.304 81.997
716.598 57.404
716.893 78.349
717.188 50.854
717.483 19.502
717.778 70.061
718.073 78.713
718.368 52.042
718.663 102.759
718.958 27.282
719.253 92.502
719.548 97.481
719.843 101.516
720.138 84.270
720.433 105.665
720.728 102.966
721.023 6.257
721.318 53.793
721.613 78.115
721.908 92.856
722.203 78.338
722.498 89.133
722.793 6.296
723.088 -67.992
723.383 39.571
723.678 35.690
723.973 33.761
724.268 51.456
724.563 36.769
724.858 32.837
725.153 53.516
725.448 90.878
725.743 74.232
726.038 75.288
726.333 108.782
726.628 91.135
726.923 48.726
727.218 105.040
727.513 50.743
727.808 48.814
728.103 91.302
728.398 90.311
728.693 120.940
728.988 106.220
729.283 49.838
729.578 207.310
729.873 185.525
730.167 250.869
730.462 274.900
730.757 281.835
731.052 311.565
731.347 307.598
731.642 242.183
731.937 218.395
732.232 194.799
732.527 182.891
732.822 178.920
733.117 74.751
733.412 56.947
733.707 55.951
734.002 75.809
734.297 26.154
734.592 36.117
734.887 63.947
735.182 116.628
735.477 61.954
735.772 20.221
736.067 23.203
736.362 -5.655
736.657 15.252
736.952 61.066
737.247 104.888
737.542 76.076
737.837 6.283
738.132 25.223
738.427 58.179
738.722 72.148
739.017 16.257
739.312 122.164
739.607 94.189
739.902 103.177
740.197 129.148
740.492 113.275
740.787 112.272
741.082 50.319
741.377 36.302
741.672 -1.739
741.967 3.266
742.262 -51.847
742.557 16.302
742.852 91.525
743.147 51.453
743.442 87.595
743.736 79.559
744.031 54.511
744.326 61.543
744.621 114.921
744.916 94.797
745.211 8.284
745.506 92.966
745.801 120.181
746.096 37.554
746.391 8.288
746.686 -0.797
746.981 30.512
747.276 91.115
